67.993
67.993
67.993
67.993
67.993
67.993
67.993
67.993
67.993
67.993
67.993
67.993
67.993
67.993
67.993
67.993
67.993
67.993
67.993
67.993
67.993
67.993
67.993
67.993
67.993
67.993
67.993
67.993
67.993
67.993
67.993
67.993
67.993
67.986
67.986
67.993
67.993
67.993
67.986
67.993
67.986
67.993
67.986
67.986
67.993
67.986
67.986
67.986
67.986
67.986
67.986
67.986
67.986
67.986
67.986
67.986
67.986
67.986
67.986
67.986
67.986
67.986
67.986
67.986
67.986
67.986
67.986
67.986
67.986
67.993
67.986
67.986
67.986
67.986
67.986
67.986
67.986
67.986
67.986
67.986
67.986
67.986
67.986
67.986
67.986
67.993
67.993
67.993
68
68.007
68.014
68.035
68.042
68.07
68.119
68.308
68.315
68.336
68.357
68.371
68.392
68.406
68.42
68.441
68.455
68.469
68.483
68.497
68.518
68.525
68.539
68.567
68.581
68.602
68.623
68.644
68.679
68.777
68.784
68.833
68.854
68.875
68.889
68.896
68.91
68.917
68.924
68.931
68.938
68.945
68.952
68.952
68.959
68.966
68.966
68.973
68.973
68.98
68.98
68.987
68.987
68.994
68.994
68.994
69.001
69.001
69.001
69.001
69.008
69.008
69.008
69.015
69.015
69.015
69.015
69.022
69.015
69.022
69.022
69.022
69.022
69.022
69.022
69.022
69.029
69.029
69.029
69.029
69.029
69.029
69.029
69.029
69.036
69.036
69.036
69.036
69.036
69.036
69.036
69.036
69.036
69.036
69.036
69.036
69.036
69.036
69.036
69.043
69.036
69.036
69.036
69.043
69.036
69.043
69.043
69.043
69.043
69.043
69.043
69.043
69.043
69.043
69.043
69.043
69.043
69.043
69.043
69.043
69.043
69.043
69.043
69.043
69.043
69.043
69.043
69.043
69.043
69.043
69.043
69.043
69.043
69.043
69.043
69.043
69.043
69.043
69.043
69.043
69.043
69.043
69.043
69.043
69.043
69.05
69.043
69.043
69.043
69.05
69.043
69.043
69.043
69.043
69.043
69.043
69.043
69.043
69.043
69.043
69.043
69.043
69.043
69.043
69.05
69.043
69.043
69.043
69.05
69.043
69.043
69.05
69.05
69.05
69.05
69.043
69.043
69.043
69.043
69.036
69.036
69.022
69.008
68.987
68.518
68.483
68.448
68.42
68.392
68.364
68.329
68.294
68.133
68.091
68.07
68.049
68.042
68.035
68.028
68.021
68.014
68.007
68.007
68
67.993
67.993
67.993
67.993
67.986
67.986
67.986
67.986
67.979
67.979
67.979
67.979
67.979
67.979
67.979
67.979
67.979
67.979
67.979
67.979
67.979
67.979
67.979
67.979
67.979
67.979
67.979
67.972
67.979
67.972
67.979
67.979
67.979
67.979
67.972
67.979
67.979
67.979
67.979
67.972
67.979
67.979
67.972
67.979
67.972
67.972
67.972
67.972
67.972
67.979
67.979
67.972
67.979
67.972
67.972
67.979
67.972
67.979
67.972
67.972
67.972
67.972
67.972
67.972
67.972
67.972
67.972
67.972
67.972
67.972
67.972
67.972
67.972
67.979
67.972
67.972
67.972
67.972
67.972
67.972
67.972
67.979
67.972
67.972
67.972
67.972
67.972
67.972
67.972
67.972
67.972
67.972
67.972
67.972
67.972
67.972
67.972
67.979
67.972
67.972
67.972
67.972
67.972
67.972
67.972
67.972
67.972
67.972
67.972
67.972
67.972
67.972
67.972
67.972
67.972
67.972
67.972
67.972
67.972
67.972
67.972
67.972
67.972
67.972
67.972
67.972
67.972
67.972
67.972
67.972
67.972
67.972
67.972
67.972
67.972
67.972
67.972
67.972
67.972
67.972
67.972
67.972
67.972
67.972
67.972
67.972
67.972
67.972
67.979
67.979
67.979
67.986
67.986
67.993
68
68.007
68.014
68.028
68.035
68.049
68.056
68.084
68.091
68.14
68.168
68.245
68.266
68.287
68.301
68.315
68.322
68.329
68.336
68.343
68.357
68.357
68.357
68.364
68.364
68.371
68.371
68.378
68.378
68.378
68.385
68.385
68.385
68.385
68.385
68.392
68.392
68.392
68.392
68.392
68.392
68.392
68.399
68.399
68.399
68.399
68.399
68.399
68.399
68.399
68.399
68.399
68.399
68.399
68.399
68.399
68.399
68.399
68.399
68.399
68.399
68.399
68.399
68.399
68.406
68.406
68.399
68.406
68.406
68.406
68.406
68.406
68.406
68.406
68.406
68.406
68.406
68.406
68.399
68.406
68.406
68.406
68.406
68.406
68.406
68.406
68.406
68.406
68.406
68.406
68.406
68.406
68.406
68.406
68.406
68.406
68.406
68.406
68.406
68.406
68.406
68.406
68.406
68.406
68.406
68.406
68.406
68.406
68.406
68.406
68.406
68.406
68.406
68.406
68.406
68.406
68.406
68.406
68.406
68.406
68.406
68.406
68.406
68.406
68.406
68.406
68.406
68.406
68.406
68.406
68.406
68.406
68.406
68.406
68.406
68.406
68.406
68.406
68.406
68.406
68.406
68.406
68.406
68.406
68.406
68.406
68.406
68.406
68.406
68.406
68.406
68.406
68.406
68.406
68.406
68.406
68.406
68.406
68.406
68.406
68.406
68.406
68.406
68.406
68.406
68.406
68.406
68.406
68.406
68.406
68.406
68.406
68.406
68.406
68.406
68.406
68.406
68.406
68.406
68.406
68.406
68.406
68.406
68.406
68.406
68.406
68.406
68.406
68.406
68.399
68.399
68.392
68.378
68.364
68.35
68.329
68.287
68.168
68.098
68.07
68.056
68.042
68.035
68.028
68.021
68.014
68.007
68.007
68
67.993
67.993
67.993
67.986
67.986
67.986
67.979
67.979
67.979
67.979
67.979
67.979
67.979
67.979
67.979
67.979
67.972
67.972
67.972
67.979
67.972
67.972
67.972
67.972
67.972
67.972
67.972
67.972
67.979
67.972
67.972
67.979
67.972
67.972
67.972
67.972
67.972
67.972
67.972
67.972
67.972
67.972
67.972
67.972
67.972
67.972
67.972
67.972
67.972
67.972
67.972
67.979
67.972
67.972
67.972
67.972
67.972
67.972
67.972
67.972
67.972
67.972
67.972
67.972
67.972
67.972
67.972
67.972
67.972
67.972
67.972
67.972
67.972
67.972
67.972
67.972
67.972
67.972
67.972
67.972
67.972
67.972
67.972
67.972
67.972
67.972
67.972
67.972
67.972
67.972
67.972
67.972
67.972
67.979
67.972
67.972
67.972
67.972
67.972
67.972
67.972
67.972
67.972
67.972
67.972
67.972
67.972
67.972
67.972
67.972
67.972
67.972
67.972
67.972
67.972
67.972
67.972
67.972
67.972
67.979
67.972
67.972
67.972
67.972
67.972
67.972
67.972
67.972
67.972
67.972
67.972
67.972
67.972
67.979
67.979
67.979
67.979
67.979
67.979
67.979
67.979
67.972
67.979
67.972
67.972
67.972
67.972
67.972
67.979
67.972
67.979
67.972
67.972
67.972
67.972
67.972
67.979
67.972
67.972
67.979
67.972
67.972
67.972
67.972
67.972
67.972
67.972
67.972
67.972
67.972
67.972
67.979
67.972
67.979
67.979
67.979
67.979
67.979
67.986
67.986
67.993
68
68
68.007
68.007
68.014
68.021
68.035
68.035
68.042
68.049
68.056
68.063
68.07
68.077
68.084
68.091
68.098
68.105
68.119
68.119
68.133
68.147
68.154
68.161
68.182
68.196
68.224
68.245
68.252
68.252
68.259
68.252
68.259
68.259
68.273
68.266
68.273
68.273
68.273
68.28
68.273
68.28
68.28
68.28
68.287
68.287
68.287
68.287
68.28
68.287
68.287
68.287
68.294
68.294
68.287
68.294
68.287
68.287
68.287
68.294
68.287
68.287
68.287
68.287
68.294
68.294
68.287
68.294
68.294
68.294
68.294
68.294
68.287
68.287
68.294
68.294
68.294
68.287
68.294
68.294
68.287
68.294
68.294
68.294
68.294
68.294
68.294
68.287
68.287
68.294
68.294
68.301
68.294
68.294
68.287
68.294
68.294
68.287
68.287
68.287
68.294
68.287
68.294
68.294
68.294
68.287
68.294
68.294
68.294
68.294
68.294
68.294
68.294
68.294
68.294
68.294
68.294
68.294
68.294
68.294
68.294
68.294
68.301
68.287
68.294
68.294
68.294
68.294
68.294
68.294
68.294
68.294
68.294
68.301
68.294
68.294
68.294
68.301
68.301
68.301
68.301
68.301
68.301
68.294
68.294
68.301
68.301
68.294
68.294
68.301
68.301
68.294
68.294
68.301
68.294
68.294
68.301
68.301
68.301
68.294
68.294
68.294
68.301
68.294
68.294
68.301
68.301
68.294
68.301
68.301
68.294
68.301
68.301
68.301
68.301
68.301
68.301
68.301
68.301
68.294
68.301
68.301
68.301
68.301
68.294
68.301
68.301
68.294
68.294
68.301
68.301
68.301
68.308
68.301
68.301
68.301
68.301
68.301
68.294
68.294
68.287
68.301
68.294
68.294
68.294
68.294
68.294
68.294
68.294
68.294
68.294
68.294
68.294
68.294
68.294
68.301
68.301
68.294
68.294
68.294
68.294
68.294
68.294
68.294
68.294
68.294
68.287
68.28
68.287
68.28
68.259
68.266
68.245
68.231
68.217
68.182
68.147
68.133
68.112
68.105
68.091
68.084
68.077
68.07
68.063
68.056
68.056
68.049
68.049
68.042
68.042
68.035
68.035
68.028
68.028
68.028
68.028
68.021
68.021
68.021
68.021
68.021
68.021
68.021
68.021
68.021
68.021
68.021
68.014
68.014
68.021
68.014
68.014
68.014
68.014
68.014
68.014
68.014
68.014
68.014
68.014
68.014
68.014
68.014
68.014
68.014
68.014
68.014
68.014
68.014
68.014
68.014
68.014
68.014
68.014
68.014
68.014
68.014
68.014
68.014
68.014
68.014
68.014
68.014
68.014
68.014
68.014
68.014
68.014
68.014
68.014
68.014
68.014
68.014
68.014
68.014
68.014
68.014
68.014
68.014
68.014
68.014
68.014
68.014
68.014
68.014
68.014
68.014
68.014
68.014
68.014
68.014
68.014
68.014
68.014
68.014
68.014
68.014
68.014
68.014
68.014
68.014
68.014
68.014
68.014
68.014
68.014
68.014
68.014
68.014
68.014
68.014
68.014
68.014
68.014
68.014
68.014
68.014
68.014
68.014
68.014
68.014
68.014
68.014
68.014
68.014
68.014
68.014
68.014
68.014
68.014
68.014
68.014
68.014
68.014
68.014
68.014
68.014
68.014
68.014
68.014
68.014
68.014
68.014
68.014
68.014
68.014
68.014
68.021
68.014
68.014
68.021
68.014
68.014
68.014
68.014
68.014
68.014
68.014
68.014
68.014
68.014
68.014
68.014
68.014
68.014
68.014
68.014
68.014
68.007
68.014
68.014
68.014
68.014
68.007
68.014
68.014
68.014
68.014
68.014
68.007
68.007
68.014
68.007
68.007
68.007
68.007
68.007
68.007
68.014
68.014
68.007
68.014
68.014
68.014
68.014
68.014
68.014
68.014
68.014
68.014
68.014
68.014
68.014
68.014
68.014
68.014
68.014
68.014
68.014
68.014
68.014
68.014
68.014
68.014
68.021
68.021
68.021
68.028
68.042
68.049
68.063
68.07
68.098
68.154
68.315
68.336
68.378
68.399
68.413
68.42
68.441
68.455
68.469
68.483
68.504
68.518
68.532
68.553
68.588
68.616
68.63
68.644
68.861
68.889
68.903
68.924
68.931
68.938
68.952
68.959
68.966
68.973
68.98
68.987
68.994
69.001
69.001
69.015
69.015
69.015
69.022
69.029
69.029
69.036
69.036
69.043
69.05
69.05
69.057
69.057
69.064
69.064
69.064
69.071
69.071
69.071
69.078
69.078
69.078
69.085
69.085
69.085
69.085
69.092
69.092
69.092
69.099
69.099
69.099
69.099
69.106
69.106
69.106
69.106
69.113
69.113
69.113
69.113
69.113
69.113
69.113
69.113
69.12
69.12
69.12
69.12
69.12
69.12
69.12
69.12
69.12
69.127
69.127
69.127
69.127
69.127
69.127
69.127
69.127
69.127
69.127
69.127
69.127
69.127
69.134
69.134
69.134
69.134
69.134
69.134
69.134
69.134
69.134
69.134
69.134
69.134
69.134
69.134
69.134
69.134
69.141
69.134
69.134
69.134
69.134
69.141
69.134
69.141
69.141
69.141
69.141
69.141
69.141
69.141
69.141
69.141
69.141
69.141
69.141
69.141
69.141
69.141
69.141
69.141
69.141
69.141
69.141
69.141
69.141
69.141
69.141
69.141
69.141
69.141
69.141
69.141
69.141
69.141
69.141
69.141
69.141
69.141
69.141
69.141
69.141
69.141
69.141
69.141
69.141
69.141
69.141
69.141
69.141
69.141
69.141
69.141
69.141
69.141
69.141
69.141
69.141
69.141
69.141
69.141
69.141
69.141
69.141
69.141
69.141
69.141
69.141
69.148
69.141
69.141
69.148
69.141
69.141
69.141
69.141
69.141
69.141
69.141
69.141
69.141
69.141
69.141
69.141
69.141
69.141
69.141
69.141
69.141
69.141
69.141
69.141
69.141
69.141
69.141
69.141
69.148
69.148
69.148
69.141
69.141
69.148
69.141
69.148
69.141
69.148
69.141
69.141
69.141
69.141
69.141
69.141
69.141
69.134
69.127
69.12
69.113
69.057
68.525
68.469
68.413
68.343
68.084
68.056
68.042
68.028
68.028
68.028
68.021
68.021
68.021
68.021
68.021
68.021
68.021
68.021
68.021
68.021
68.021
68.021
68.021
68.021
68.021
68.021
68.021
68.021
68.021
68.021
68.021
68.021
68.021
68.021
68.021
68.021
68.021
68.021
68.021
68.021
68.021
68.021
68.021
68.021
68.021
68.021
68.021
68.021
68.021
68.021
68.021
68.021
68.021
68.021
68.021
68.021
68.021
68.021
68.021
68.021
68.021
68.021
68.021
68.021
68.021
68.021
68.021
68.021
68.021
68.021
68.021
68.021
68.021
68.021
68.021
68.021
68.021
68.021
68.021
68.021
68.021
68.021
68.021
68.021
68.021
68.021
68.021
68.021
68.021
68.021
68.021
68.021
68.021
68.021
68.021
68.021
68.021
68.021
68.021
68.021
68.021
68.021
68.021
68.021
68.021
68.021
68.021
68.021
68.021
68.021
68.021
68.021
68.021
68.021
68.021
68.021
68.021
68.021
68.021
68.021
68.021
68.021
68.021
68.021
68.021
68.021
68.021
68.021
68.021
68.021
68.021
68.021
68.021
68.021
68.021
68.021
68.021
68.021
68.021
68.021
68.021
68.021
68.021
68.021
68.021
68.021
68.021
68.021
68.021
68.021
68.021
68.021
68.021
68.021
68.021
68.021
68.021
68.021
68.021
68.021
68.021
68.021
68.021
68.021
68.021
68.021
68.021
68.021
68.021
68.021
68.021
68.021
68.021
68.021
68.021
68.021
68.021
68.021
68.021
68.021
68.021
68.021
68.021
68.021
68.021
68.021
68.021
68.021
68.021
68.021
68.021
68.021
68.021
68.021
68.021
68.021
68.021
68.021
68.021
