68.124
68.124
68.124
68.124
68.124
68.124
68.124
68.124
68.124
68.124
68.124
68.124
68.124
68.124
68.124
68.124
68.124
68.124
68.124
68.124
68.124
68.124
68.124
68.124
68.124
68.124
68.124
68.124
68.124
68.124
68.124
68.124
68.124
68.124
68.124
68.124
68.124
68.124
68.124
68.124
68.124
68.124
68.124
68.124
68.124
68.124
68.124
68.124
68.124
68.124
68.124
68.124
68.124
68.124
68.124
68.124
68.124
68.124
68.124
68.124
68.124
68.124
68.124
68.124
68.124
68.124
68.124
68.124
68.131
68.138
68.159
68.18
68.215
68.236
68.271
68.299
68.327
68.362
68.39
68.418
69.027
69.041
69.062
69.076
69.09
69.104
69.111
69.118
69.125
69.132
69.139
69.146
69.146
69.153
69.16
69.16
69.16
69.167
69.167
69.167
69.174
69.174
69.174
69.174
69.174
69.181
69.174
69.181
69.181
69.181
69.181
69.181
69.181
69.181
69.174
69.181
69.181
69.181
69.174
69.181
69.181
69.174
69.174
69.181
69.181
69.181
69.174
69.174
69.181
69.174
69.174
69.174
69.174
69.174
69.174
69.174
69.174
69.174
69.174
69.167
69.174
69.174
69.174
69.167
69.167
69.174
69.167
69.167
69.167
69.167
69.167
69.167
69.167
69.167
69.167
69.167
69.167
69.167
69.167
69.167
69.167
69.167
69.16
69.16
69.167
69.16
69.16
69.16
69.16
69.16
69.16
69.16
69.16
69.16
69.16
69.16
69.153
69.153
69.153
69.153
69.153
69.153
69.16
69.153
69.153
69.153
69.153
69.153
69.153
69.153
69.153
69.153
69.153
69.153
69.153
69.153
69.153
69.153
69.153
69.146
69.146
69.146
69.146
69.146
69.146
69.146
69.146
69.146
69.146
69.146
69.146
69.139
69.139
69.139
69.146
69.139
69.139
69.139
69.139
69.139
69.139
69.139
69.139
69.139
69.139
69.139
69.139
69.139
69.139
69.139
69.139
69.139
69.139
69.139
69.139
69.139
69.132
69.139
69.139
69.139
69.139
69.132
69.132
69.132
69.132
69.132
69.125
69.125
69.118
69.118
69.111
69.111
69.104
69.09
69.083
69.069
69.055
69.034
69.02
68.992
68.446
68.425
68.397
68.369
68.348
68.327
68.313
68.285
68.278
68.257
68.25
68.236
68.222
68.208
68.201
68.194
68.18
68.173
68.166
68.159
68.152
68.145
68.138
68.138
68.131
68.124
68.124
68.117
68.117
68.11
68.11
68.103
68.103
68.103
68.103
68.096
68.096
68.096
68.096
68.096
68.089
68.089
68.089
68.089
68.089
68.089
68.082
68.082
68.082
68.082
68.082
68.082
68.082
68.082
68.082
68.082
68.082
68.082
68.082
68.082
68.075
68.082
68.082
68.082
68.082
68.075
68.075
68.082
68.075
68.075
68.075
68.075
68.075
68.075
68.075
68.075
68.075
68.075
68.075
68.075
68.075
68.075
68.075
68.075
68.075
68.075
68.075
68.075
68.068
68.075
68.068
68.068
68.068
68.068
68.068
68.068
68.068
68.068
68.068
68.068
68.068
68.068
68.068
68.068
68.068
68.068
68.068
68.068
68.068
68.068
68.068
68.068
68.068
68.068
68.068
68.068
68.068
68.068
68.068
68.068
68.068
68.068
68.068
68.068
68.068
68.068
68.068
68.068
68.068
68.068
68.068
68.068
68.068
68.068
68.068
68.068
68.068
68.068
68.068
68.068
68.068
68.068
68.068
68.068
68.068
68.061
68.068
68.068
68.061
68.068
68.068
68.061
68.068
68.068
68.068
68.068
68.068
68.068
68.068
68.068
68.068
68.068
68.068
68.068
68.061
68.061
68.068
68.068
68.068
68.075
68.075
68.082
68.089
68.096
68.096
68.103
68.11
68.117
68.117
68.124
68.124
68.131
68.131
68.138
68.138
68.138
68.138
68.145
68.145
68.145
68.152
68.152
68.152
68.152
68.152
68.159
68.159
68.159
68.159
68.159
68.159
68.159
68.159
68.159
68.159
68.159
68.159
68.159
68.159
68.159
68.159
68.159
68.159
68.166
68.159
68.159
68.159
68.166
68.159
68.159
68.166
68.159
68.166
68.166
68.166
68.166
68.159
68.166
68.166
68.166
68.159
68.166
68.166
68.159
68.159
68.166
68.166
68.166
68.166
68.166
68.166
68.159
68.166
68.166
68.166
68.159
68.159
68.166
68.166
68.166
68.166
68.166
68.166
68.166
68.166
68.166
68.166
68.159
68.166
68.159
68.166
68.166
68.166
68.166
68.166
68.166
68.166
68.166
68.166
68.166
68.166
68.159
68.166
68.166
68.166
68.166
68.159
68.166
68.166
68.166
68.166
68.166
68.166
68.166
68.166
68.166
68.159
68.166
68.166
68.166
68.166
68.166
68.166
68.159
68.159
68.166
68.166
68.166
68.159
68.159
68.159
68.159
68.159
68.159
68.159
68.159
68.159
68.159
68.159
68.159
68.159
68.159
68.159
68.159
68.159
68.159
68.159
68.159
68.159
68.159
68.166
68.159
68.159
68.159
68.159
68.159
68.159
68.159
68.159
68.159
68.159
68.159
68.159
68.152
68.152
68.145
68.145
68.138
68.138
68.131
68.131
68.124
68.117
68.117
68.11
68.11
68.103
68.103
68.096
68.096
68.089
68.089
68.089
68.082
68.082
68.082
68.082
68.082
68.075
68.075
68.075
68.075
68.068
68.068
68.068
68.068
68.068
68.068
68.068
68.068
68.068
68.068
68.068
68.068
68.068
68.068
68.068
68.068
68.068
68.068
68.068
68.061
68.068
68.068
68.068
68.061
68.068
68.061
68.061
68.061
68.061
68.061
68.061
68.061
68.068
68.061
68.061
68.061
68.061
68.061
68.061
68.061
68.061
68.061
68.061
68.061
68.061
68.061
68.061
68.061
68.061
68.061
68.061
68.061
68.061
68.061
68.061
68.061
68.061
68.061
68.061
68.061
68.061
68.061
68.061
68.061
68.061
68.061
68.061
68.061
68.061
68.061
68.061
68.061
68.061
68.061
68.061
68.061
68.061
68.061
68.061
68.061
68.061
68.061
68.061
68.061
68.061
68.061
68.061
68.061
68.061
68.061
68.061
68.061
68.061
68.061
68.061
68.061
68.061
68.061
68.061
68.061
68.061
68.061
68.061
68.061
68.061
68.068
68.068
68.061
68.061
68.061
68.061
68.061
68.061
68.061
68.061
68.061
68.061
68.061
68.061
68.061
68.061
68.061
68.061
68.061
68.061
68.061
68.061
68.061
68.061
68.061
68.061
68.068
68.061
68.061
68.068
68.068
68.068
68.075
68.075
68.082
68.082
68.082
68.082
68.089
68.089
68.096
68.096
68.103
68.103
68.11
68.11
68.11
68.117
68.117
68.124
68.124
68.124
68.131
68.131
68.131
68.138
68.138
68.138
68.138
68.145
68.145
68.145
68.145
68.152
68.152
68.152
68.152
68.152
68.159
68.159
68.159
68.159
68.159
68.159
68.159
68.166
68.166
68.166
68.166
68.166
68.166
68.166
68.173
68.173
68.173
68.173
68.173
68.173
68.173
68.173
68.173
68.18
68.18
68.18
68.18
68.18
68.18
68.18
68.18
68.18
68.18
68.18
68.18
68.187
68.18
68.187
68.187
68.187
68.187
68.187
68.187
68.187
68.187
68.187
68.187
68.187
68.187
68.187
68.187
68.187
68.187
68.187
68.194
68.187
68.194
68.194
68.194
68.194
68.194
68.194
68.194
68.194
68.194
68.194
68.194
68.194
68.194
68.194
68.194
68.201
68.194
68.194
68.201
68.201
68.201
68.201
68.201
68.201
68.201
68.201
68.201
68.201
68.201
68.201
68.201
68.201
68.201
68.201
68.201
68.201
68.201
68.201
68.201
68.201
68.201
68.201
68.201
68.201
68.201
68.201
68.208
68.201
68.201
68.208
68.201
68.208
68.208
68.208
68.208
68.208
68.208
68.208
68.208
68.208
68.208
68.208
68.208
68.208
68.208
68.208
68.208
68.208
68.208
68.208
68.208
68.208
68.215
68.208
68.208
68.208
68.208
68.208
68.215
68.208
68.215
68.215
68.215
68.215
68.215
68.215
68.215
68.215
68.215
68.215
68.215
68.215
68.215
68.215
68.215
68.215
68.215
68.215
68.215
68.215
68.215
68.215
68.215
68.215
68.215
68.215
68.215
68.215
68.215
68.215
68.215
68.215
68.215
68.215
68.215
68.215
68.215
68.215
68.215
68.215
68.215
68.215
68.215
68.215
68.215
68.215
68.215
68.215
68.215
68.215
68.215
68.222
68.215
68.215
68.222
68.215
68.215
68.215
68.222
68.222
68.215
68.215
68.215
68.222
68.222
68.222
68.222
68.222
68.222
68.222
68.222
68.222
68.222
68.222
68.222
68.222
68.215
68.222
68.222
68.222
68.222
68.222
68.222
68.222
68.222
68.222
68.222
68.222
68.222
68.222
68.222
68.222
68.222
68.222
68.222
68.222
68.222
68.222
68.222
68.222
68.222
68.222
68.222
68.222
68.222
68.222
68.222
68.222
68.222
68.222
68.222
68.222
68.222
68.222
68.222
68.222
68.222
68.222
68.222
68.222
68.222
68.222
68.222
68.222
68.222
68.222
68.222
68.222
68.222
68.222
68.222
68.222
68.222
68.222
68.222
68.222
68.222
68.222
68.222
68.222
68.222
68.222
68.222
68.222
68.222
68.222
68.222
68.222
68.222
68.222
68.222
68.222
68.222
68.222
68.222
68.222
68.222
68.222
68.222
68.222
68.222
68.222
68.222
68.222
68.222
68.222
68.222
68.222
68.222
68.229
68.222
68.222
68.222
68.222
68.222
68.222
68.222
68.222
68.222
68.222
68.222
68.222
68.222
68.222
68.222
68.222
68.222
68.222
68.222
68.222
68.222
68.222
68.222
68.222
68.222
68.222
68.222
68.222
68.222
68.222
68.222
68.222
68.222
68.222
68.222
68.222
68.222
68.222
68.222
68.222
68.222
68.222
68.222
68.215
68.215
68.215
68.208
68.208
68.208
68.201
68.201
68.201
68.201
68.201
68.194
68.194
68.194
68.194
68.194
68.194
68.187
68.187
68.187
68.187
68.187
68.187
68.187
68.187
68.187
68.187
68.18
68.18
68.18
68.18
68.18
68.18
68.18
68.18
68.18
68.18
68.18
68.18
68.18
68.18
68.18
68.18
68.18
68.173
68.173
68.173
68.173
68.173
68.173
68.173
68.173
68.173
68.173
68.173
68.173
68.173
68.173
68.173
68.173
68.173
68.166
68.173
68.173
68.173
68.166
68.166
68.166
68.166
68.166
68.166
68.166
68.166
68.166
68.166
68.166
68.166
68.166
68.166
68.166
68.166
68.166
68.166
68.166
68.166
68.166
68.166
68.166
68.166
68.166
68.159
68.166
68.159
68.159
68.166
68.159
68.159
68.166
68.159
68.159
68.159
68.159
68.159
68.159
68.159
68.159
68.159
68.159
68.159
68.159
68.159
68.159
68.159
68.159
68.159
68.159
68.159
68.159
68.159
68.159
68.159
68.159
68.159
68.159
68.159
68.159
68.159
68.159
68.159
68.152
68.159
68.159
68.159
68.159
68.159
68.159
68.159
68.152
68.152
68.159
68.152
68.159
68.159
68.152
68.152
68.152
68.152
68.159
68.152
68.152
68.152
68.152
68.152
68.152
68.152
68.152
68.152
68.159
68.152
68.152
68.152
68.152
68.152
68.152
68.152
68.152
68.152
68.152
68.152
68.152
68.152
68.152
68.152
68.152
68.152
68.152
68.152
68.152
68.152
68.152
68.152
68.152
68.152
68.152
68.152
68.152
68.152
68.152
68.152
68.152
68.152
68.152
68.152
68.152
68.152
68.152
68.152
68.152
68.152
68.152
68.152
68.152
68.152
68.152
68.152
68.152
68.152
68.152
68.152
68.152
68.152
68.152
68.152
68.152
68.152
68.152
68.152
68.152
68.152
68.152
68.152
68.152
68.152
68.152
68.152
68.152
68.152
68.152
68.152
68.152
68.152
68.152
68.152
68.152
68.152
68.152
68.152
68.152
68.152
68.152
68.152
68.152
68.152
68.152
68.152
68.152
68.152
68.152
68.152
68.152
68.152
68.152
68.152
68.152
68.152
68.152
68.152
68.152
68.152
68.152
68.145
68.152
68.152
68.152
68.152
68.152
68.152
68.152
68.152
68.152
68.152
68.145
68.145
68.152
68.152
68.145
68.152
68.152
68.152
68.152
68.152
68.152
68.152
68.152
68.145
68.152
68.152
68.152
68.152
68.152
68.152
68.152
68.152
68.159
68.173
68.194
68.215
68.243
68.264
68.285
68.313
68.334
68.362
68.985
69.013
69.034
69.062
69.076
69.09
69.111
69.125
69.132
69.139
69.153
69.16
69.167
69.202
69.202
69.202
69.202
69.202
69.202
69.202
69.202
69.202
69.202
69.202
69.202
69.202
69.202
69.202
69.202
69.202
69.202
69.202
69.202
69.202
69.202
69.202
69.202
69.202
69.202
69.202
69.202
69.202
69.202
69.202
69.202
69.202
69.202
69.202
69.202
69.202
69.202
69.202
69.202
69.202
69.202
69.202
69.202
69.202
69.202
69.202
69.202
69.202
69.202
69.202
69.202
69.202
69.202
69.202
69.202
69.202
69.202
69.202
69.202
69.202
69.202
69.202
69.202
69.202
69.202
69.202
69.202
69.202
69.202
69.202
69.202
69.202
69.202
69.202
69.202
69.202
69.202
69.202
69.202
69.202
69.202
69.202
69.202
69.202
69.202
69.202
69.202
69.202
69.195
69.195
69.202
69.195
69.195
69.195
69.195
69.195
69.195
69.195
69.195
69.195
69.195
69.195
69.195
69.195
69.195
69.195
69.195
69.188
69.195
69.188
69.195
69.188
69.195
69.188
69.188
69.188
69.188
69.188
69.188
69.188
69.181
69.188
69.188
69.188
69.188
69.188
69.181
69.181
69.188
69.181
69.181
69.181
69.181
69.188
69.181
69.181
69.181
69.181
69.181
69.181
69.181
69.181
69.181
69.181
69.181
69.181
69.174
69.174
69.174
69.174
69.174
69.174
69.174
69.174
69.174
69.174
69.174
69.174
69.174
69.174
69.174
69.174
69.174
69.174
69.174
69.167
69.167
69.167
69.167
69.167
69.167
69.167
69.167
69.167
69.167
69.167
69.167
69.167
69.167
69.167
69.167
69.167
69.167
69.167
69.167
69.167
69.167
69.167
69.16
69.167
69.16
69.16
69.16
69.16
69.16
69.16
69.16
69.16
69.16
69.16
69.16
69.16
69.16
69.16
69.16
69.16
69.153
69.153
69.16
69.153
69.16
69.16
69.153
69.153
69.153
69.153
69.153
69.153
69.153
69.153
69.153
69.153
69.153
69.153
69.153
69.153
69.146
69.153
69.153
69.146
69.146
69.153
69.146
69.146
69.146
69.146
69.146
69.146
69.146
69.146
69.146
69.146
69.146
69.146
69.139
69.139
69.139
69.139
69.139
69.139
69.139
69.146
69.139
69.139
69.139
69.139
69.139
69.139
69.139
69.139
69.139
69.139
69.139
69.139
69.139
69.139
69.132
69.132
69.132
69.132
69.125
69.118
69.111
69.104
69.083
69.076
69.055
69.048
69.034
69.027
69.013
68.544
68.502
68.46
68.383
68.355
68.313
68.292
68.264
68.243
68.229
68.215
68.201
68.194
68.18
68.173
68.166
68.159
68.152
68.145
68.138
68.131
68.124
68.124
68.117
68.11
68.11
68.11
68.103
68.103
68.103
68.103
68.096
68.096
68.096
68.096
68.096
68.096
68.096
68.096
68.096
68.089
68.089
68.089
68.089
68.089
68.089
68.089
68.089
68.089
68.089
68.089
68.089
68.089
68.089
68.089
68.082
68.082
68.082
68.082
68.082
68.082
68.082
68.082
68.082
68.082
68.082
68.082
68.082
68.089
68.082
68.082
68.082
68.082
68.082
68.082
68.082
68.082
68.082
68.082
68.082
68.082
68.082
68.082
68.082
68.082
68.082
68.082
68.082
68.082
68.082
68.082
68.082
68.082
68.082
68.082
68.082
68.082
68.082
68.082
68.082
68.082
68.082
68.082
68.082
68.082
68.082
68.082
68.082
68.082
68.082
68.082
68.082
68.082
68.082
68.082
68.082
68.082
68.082
68.082
68.082
68.082
68.082
68.082
68.082
68.082
68.082
68.082
68.082
68.082
68.082
68.082
68.082
68.089
68.082
68.082
68.082
68.082
68.082
68.082
68.082
68.082
68.082
68.082
68.082
68.082
68.082
68.082
68.082
68.082
68.082
68.082
68.082
68.082
68.082
68.082
68.082
68.082
68.082
68.082
68.082
68.089
68.089
68.089
68.082
68.082
68.089
68.089
68.082
68.082
68.082
68.082
68.082
68.082
68.082
68.082
68.082
68.082
68.082
68.082
68.082
68.082
68.082
68.082
68.082
68.082
68.082
68.082
68.082
68.082
68.082
68.082
68.082
68.082
68.082
68.082
68.082
68.082
68.082
68.082
68.082
68.082
68.082
68.082
68.082
68.082
68.082
68.082
